3.000000 32.000000 44.000000 2048.000000 2048.000000 4096.000000 16.000000 1024.000000 176.000000 40.000000 48.000000 80.000000 24.000000 44.000000 6.000000 2.000000 1.000000 1.000000 64.000000 2.000000 32.000000 2.000000 0.645725 0.169045 5.561670
8.000000 64.000000 8.000000 2048.000000 8192.000000 2048.000000 36.000000 4096.000000 144.000000 288.000000 288.000000 40.000000 24.000000 44.000000 3.000000 1.000000 1.000000 1.000000 32.000000 4.000000 16.000000 2.000000 1.352094 0.408684 8.336020
7.000000 64.000000 44.000000 1024.000000 4096.000000 2048.000000 30.000000 1024.000000 208.000000 208.000000 80.000000 80.000000 24.000000 20.000000 4.000000 2.000000 1.000000 1.000000 32.000000 4.000000 16.000000 2.000000 1.343947 0.279638 5.890910
7.000000 64.000000 36.000000 2048.000000 2048.000000 4096.000000 20.000000 4096.000000 256.000000 96.000000 40.000000 80.000000 20.000000 20.000000 5.000000 2.000000 2.000000 1.000000 32.000000 4.000000 64.000000 4.000000 1.384098 0.403045 8.152060
6.000000 32.000000 24.000000 512.000000 4096.000000 8192.000000 22.000000 4096.000000 208.000000 144.000000 144.000000 24.000000 36.000000 40.000000 5.000000 2.000000 2.000000 1.000000 64.000000 4.000000 64.000000 2.000000 1.312262 0.228853 5.332420
6.000000 32.000000 32.000000 1024.000000 2048.000000 4096.000000 22.000000 2048.000000 64.000000 224.000000 144.000000 40.000000 28.000000 36.000000 3.000000 2.000000 2.000000 1.000000 16.000000 2.000000 16.000000 2.000000 1.102655 0.193589 5.198910
8.000000 64.000000 36.000000 512.000000 4096.000000 4096.000000 22.000000 1024.000000 144.000000 224.000000 224.000000 56.000000 36.000000 40.000000 6.000000 2.000000 1.000000 1.000000 32.000000 4.000000 16.000000 2.000000 1.444802 0.310121 7.149400
7.000000 64.000000 8.000000 1024.000000 4096.000000 4096.000000 36.000000 1024.000000 64.000000 144.000000 112.000000 32.000000 36.000000 40.000000 6.000000 1.000000 1.000000 2.000000 16.000000 2.000000 64.000000 2.000000 1.227600 0.231064 5.954380
6.000000 64.000000 20.000000 512.000000 2048.000000 2048.000000 34.000000 4096.000000 32.000000 272.000000 288.000000 72.000000 48.000000 28.000000 4.000000 1.000000 1.000000 2.000000 64.000000 4.000000 32.000000 4.000000 1.232243 0.245995 5.430200
7.000000 32.000000 24.000000 1024.000000 8192.000000 4096.000000 34.000000 4096.000000 80.000000 40.000000 96.000000 56.000000 32.000000 44.000000 3.000000 1.000000 1.000000 1.000000 64.000000 2.000000 32.000000 4.000000 0.694298 0.154946 4.356800
6.000000 32.000000 44.000000 512.000000 4096.000000 8192.000000 20.000000 2048.000000 256.000000 112.000000 128.000000 32.000000 24.000000 40.000000 5.000000 1.000000 1.000000 2.000000 16.000000 4.000000 32.000000 4.000000 1.145838 0.220668 4.828600
5.000000 32.000000 28.000000 1024.000000 8192.000000 2048.000000 30.000000 2048.000000 176.000000 192.000000 272.000000 72.000000 44.000000 20.000000 3.000000 1.000000 1.000000 1.000000 16.000000 2.000000 16.000000 4.000000 1.072306 0.213087 4.489070
5.000000 16.000000 8.000000 512.000000 8192.000000 2048.000000 18.000000 4096.000000 192.000000 48.000000 176.000000 24.000000 32.000000 24.000000 4.000000 1.000000 2.000000 1.000000 32.000000 4.000000 16.000000 2.000000 0.859154 0.136758 3.817670
6.000000 32.000000 32.000000 512.000000 2048.000000 4096.000000 36.000000 4096.000000 160.000000 160.000000 240.000000 16.000000 40.000000 28.000000 6.000000 1.000000 1.000000 2.000000 32.000000 4.000000 64.000000 4.000000 1.194082 0.239315 5.542140
6.000000 32.000000 44.000000 2048.000000 8192.000000 8192.000000 26.000000 2048.000000 160.000000 144.000000 224.000000 80.000000 36.000000 24.000000 6.000000 1.000000 2.000000 2.000000 16.000000 4.000000 16.000000 4.000000 1.142324 0.325792 8.518770
6.000000 32.000000 28.000000 512.000000 2048.000000 2048.000000 30.000000 2048.000000 240.000000 128.000000 80.000000 16.000000 28.000000 28.000000 5.000000 1.000000 2.000000 1.000000 32.000000 4.000000 16.000000 2.000000 1.130009 0.188359 4.565330
7.000000 32.000000 24.000000 2048.000000 8192.000000 4096.000000 34.000000 4096.000000 80.000000 224.000000 192.000000 72.000000 40.000000 28.000000 6.000000 1.000000 2.000000 1.000000 32.000000 4.000000 16.000000 2.000000 1.234695 0.340638 8.666930
7.000000 32.000000 12.000000 2048.000000 4096.000000 4096.000000 20.000000 4096.000000 144.000000 40.000000 48.000000 40.000000 32.000000 24.000000 5.000000 2.000000 2.000000 1.000000 16.000000 4.000000 16.000000 2.000000 0.587254 0.172487 7.067490
3.000000 16.000000 40.000000 2048.000000 8192.000000 2048.000000 22.000000 2048.000000 80.000000 48.000000 96.000000 72.000000 48.000000 28.000000 4.000000 2.000000 1.000000 2.000000 16.000000 4.000000 64.000000 2.000000 0.755336 0.171837 5.809860
8.000000 64.000000 48.000000 2048.000000 4096.000000 4096.000000 30.000000 1024.000000 48.000000 96.000000 160.000000 40.000000 24.000000 36.000000 6.000000 2.000000 1.000000 1.000000 16.000000 4.000000 32.000000 2.000000 1.221016 0.321980 7.641060
7.000000 32.000000 36.000000 512.000000 8192.000000 2048.000000 28.000000 2048.000000 192.000000 256.000000 256.000000 56.000000 44.000000 36.000000 4.000000 1.000000 1.000000 2.000000 32.000000 2.000000 16.000000 4.000000 1.265889 0.276122 6.074910
8.000000 32.000000 8.000000 1024.000000 8192.000000 8192.000000 18.000000 1024.000000 144.000000 288.000000 64.000000 72.000000 44.000000 28.000000 6.000000 2.000000 2.000000 1.000000 32.000000 4.000000 64.000000 4.000000 1.293598 0.345110 8.880960
2.000000 16.000000 12.000000 1024.000000 4096.000000 2048.000000 18.000000 1024.000000 32.000000 40.000000 256.000000 64.000000 48.000000 24.000000 5.000000 1.000000 2.000000 2.000000 32.000000 4.000000 16.000000 4.000000 0.595781 0.112860 4.127780
7.000000 64.000000 36.000000 512.000000 8192.000000 4096.000000 32.000000 1024.000000 208.000000 256.000000 160.000000 32.000000 20.000000 44.000000 6.000000 1.000000 2.000000 2.000000 32.000000 4.000000 32.000000 4.000000 1.402039 0.307035 7.230960
3.000000 16.000000 48.000000 2048.000000 4096.000000 2048.000000 38.000000 2048.000000 96.000000 240.000000 128.000000 24.000000 32.000000 32.000000 3.000000 1.000000 1.000000 2.000000 32.000000 2.000000 64.000000 2.000000 0.864133 0.194824 5.811610
7.000000 16.000000 36.000000 512.000000 8192.000000 4096.000000 30.000000 1024.000000 32.000000 224.000000 224.000000 64.000000 40.000000 28.000000 6.000000 2.000000 1.000000 2.000000 16.000000 4.000000 32.000000 4.000000 0.915159 0.206401 6.556890
6.000000 64.000000 36.000000 512.000000 8192.000000 2048.000000 40.000000 2048.000000 208.000000 208.000000 128.000000 32.000000 32.000000 20.000000 5.000000 1.000000 2.000000 2.000000 32.000000 2.000000 32.000000 2.000000 1.181783 0.258756 6.410099
8.000000 64.000000 48.000000 512.000000 2048.000000 2048.000000 28.000000 2048.000000 112.000000 144.000000 48.000000 64.000000 24.000000 28.000000 6.000000 1.000000 1.000000 2.000000 64.000000 4.000000 32.000000 2.000000 1.465730 0.280712 5.939880
7.000000 16.000000 24.000000 2048.000000 4096.000000 4096.000000 38.000000 4096.000000 224.000000 176.000000 160.000000 40.000000 20.000000 32.000000 5.000000 2.000000 2.000000 1.000000 16.000000 2.000000 16.000000 2.000000 0.951201 0.264695 8.612120
5.000000 16.000000 48.000000 512.000000 2048.000000 4096.000000 18.000000 4096.000000 256.000000 112.000000 64.000000 40.000000 36.000000 40.000000 6.000000 1.000000 1.000000 1.000000 16.000000 2.000000 64.000000 4.000000 0.923523 0.174084 4.058690
7.000000 16.000000 16.000000 2048.000000 8192.000000 2048.000000 30.000000 4096.000000 192.000000 96.000000 176.000000 72.000000 32.000000 24.000000 5.000000 2.000000 1.000000 1.000000 16.000000 4.000000 32.000000 2.000000 0.958550 0.269974 7.597000
8.000000 64.000000 20.000000 512.000000 8192.000000 4096.000000 38.000000 1024.000000 32.000000 208.000000 304.000000 64.000000 40.000000 48.000000 4.000000 1.000000 1.000000 1.000000 64.000000 4.000000 32.000000 4.000000 1.224914 0.274552 5.809040
5.000000 32.000000 16.000000 1024.000000 4096.000000 2048.000000 32.000000 4096.000000 176.000000 256.000000 208.000000 48.000000 24.000000 24.000000 6.000000 1.000000 1.000000 1.000000 32.000000 4.000000 16.000000 2.000000 1.149801 0.214419 5.134610
3.000000 32.000000 36.000000 512.000000 8192.000000 2048.000000 30.000000 1024.000000 224.000000 112.000000 224.000000 32.000000 48.000000 32.000000 5.000000 1.000000 2.000000 2.000000 32.000000 4.000000 16.000000 2.000000 0.988327 0.139148 3.745300
2.000000 16.000000 16.000000 512.000000 8192.000000 2048.000000 30.000000 1024.000000 192.000000 40.000000 288.000000 72.000000 28.000000 48.000000 5.000000 2.000000 2.000000 2.000000 64.000000 2.000000 64.000000 4.000000 0.644302 0.113175 3.785320
8.000000 32.000000 24.000000 1024.000000 8192.000000 4096.000000 28.000000 1024.000000 224.000000 272.000000 176.000000 32.000000 28.000000 24.000000 4.000000 2.000000 1.000000 2.000000 64.000000 4.000000 16.000000 4.000000 1.070617 0.228625 5.562551
7.000000 32.000000 40.000000 512.000000 4096.000000 4096.000000 36.000000 4096.000000 32.000000 304.000000 64.000000 48.000000 40.000000 28.000000 4.000000 2.000000 2.000000 2.000000 64.000000 4.000000 16.000000 2.000000 1.139690 0.213261 6.125160
6.000000 32.000000 8.000000 1024.000000 2048.000000 8192.000000 16.000000 4096.000000 144.000000 48.000000 208.000000 56.000000 48.000000 32.000000 3.000000 2.000000 1.000000 1.000000 64.000000 4.000000 32.000000 4.000000 0.988642 0.204363 4.656170
5.000000 32.000000 8.000000 512.000000 4096.000000 2048.000000 20.000000 2048.000000 240.000000 272.000000 64.000000 32.000000 24.000000 36.000000 6.000000 2.000000 1.000000 1.000000 32.000000 2.000000 32.000000 4.000000 1.152823 0.217231 4.838930
4.000000 16.000000 20.000000 512.000000 2048.000000 2048.000000 16.000000 1024.000000 32.000000 40.000000 40.000000 16.000000 20.000000 20.000000 3.000000 1.000000 1.000000 2.000000 16.000000 2.000000 16.000000 2.000000 0.553692 0.076666 2.920080
8.000000 64.000000 8.000000 1024.000000 8192.000000 2048.000000 16.000000 1024.000000 96.000000 208.000000 144.000000 64.000000 28.000000 40.000000 6.000000 2.000000 2.000000 2.000000 16.000000 2.000000 16.000000 4.000000 0.981087 0.171704 4.520952
7.000000 32.000000 20.000000 2048.000000 2048.000000 4096.000000 22.000000 4096.000000 192.000000 64.000000 240.000000 80.000000 28.000000 36.000000 3.000000 1.000000 1.000000 1.000000 64.000000 4.000000 16.000000 2.000000 1.193468 0.321319 6.743370
4.000000 16.000000 20.000000 512.000000 2048.000000 2048.000000 16.000000 1024.000000 32.000000 80.000000 40.000000 16.000000 20.000000 20.000000 3.000000 1.000000 1.000000 1.000000 16.000000 2.000000 16.000000 2.000000 0.742728 0.093929 2.637760
8.000000 32.000000 28.000000 512.000000 8192.000000 2048.000000 26.000000 4096.000000 240.000000 144.000000 160.000000 32.000000 40.000000 28.000000 6.000000 1.000000 1.000000 1.000000 64.000000 4.000000 16.000000 2.000000 1.296621 0.269241 6.238360
8.000000 16.000000 28.000000 512.000000 8192.000000 2048.000000 16.000000 1024.000000 96.000000 80.000000 208.000000 80.000000 48.000000 36.000000 3.000000 2.000000 2.000000 1.000000 32.000000 4.000000 64.000000 4.000000 1.096511 0.246779 5.656340
6.000000 16.000000 8.000000 1024.000000 8192.000000 8192.000000 16.000000 1024.000000 48.000000 144.000000 48.000000 80.000000 32.000000 24.000000 6.000000 1.000000 1.000000 1.000000 64.000000 4.000000 32.000000 4.000000 1.018355 0.223603 5.036550
8.000000 16.000000 36.000000 2048.000000 4096.000000 2048.000000 16.000000 2048.000000 256.000000 272.000000 160.000000 64.000000 20.000000 36.000000 3.000000 2.000000 2.000000 1.000000 16.000000 4.000000 32.000000 2.000000 0.983190 0.307980 9.425460
6.000000 64.000000 32.000000 1024.000000 4096.000000 8192.000000 36.000000 2048.000000 224.000000 240.000000 80.000000 24.000000 28.000000 32.000000 5.000000 1.000000 1.000000 2.000000 64.000000 2.000000 32.000000 2.000000 1.384502 0.256602 5.721350
7.000000 64.000000 24.000000 2048.000000 2048.000000 8192.000000 16.000000 1024.000000 32.000000 48.000000 256.000000 72.000000 32.000000 40.000000 4.000000 2.000000 2.000000 1.000000 64.000000 2.000000 16.000000 4.000000 0.807127 0.132371 4.461805
4.000000 64.000000 12.000000 1024.000000 4096.000000 4096.000000 20.000000 2048.000000 96.000000 192.000000 208.000000 16.000000 28.000000 28.000000 4.000000 1.000000 2.000000 1.000000 64.000000 2.000000 64.000000 4.000000 1.206133 0.213314 4.617590
7.000000 16.000000 8.000000 512.000000 4096.000000 4096.000000 28.000000 2048.000000 64.000000 256.000000 48.000000 24.000000 32.000000 36.000000 4.000000 1.000000 1.000000 2.000000 32.000000 4.000000 64.000000 2.000000 0.967433 0.192549 4.500681
8.000000 32.000000 40.000000 1024.000000 8192.000000 8192.000000 22.000000 1024.000000 144.000000 80.000000 80.000000 24.000000 32.000000 36.000000 5.000000 2.000000 1.000000 2.000000 16.000000 2.000000 32.000000 4.000000 1.127929 0.184503 5.109960
3.000000 64.000000 20.000000 1024.000000 2048.000000 4096.000000 22.000000 1024.000000 96.000000 256.000000 96.000000 24.000000 24.000000 24.000000 6.000000 2.000000 1.000000 1.000000 64.000000 4.000000 16.000000 2.000000 1.086063 0.164409 3.973660
8.000000 16.000000 44.000000 1024.000000 8192.000000 4096.000000 36.000000 1024.000000 224.000000 304.000000 80.000000 48.000000 44.000000 24.000000 4.000000 1.000000 1.000000 1.000000 64.000000 2.000000 16.000000 4.000000 1.042089 0.183654 4.456324
8.000000 16.000000 16.000000 512.000000 8192.000000 2048.000000 22.000000 1024.000000 240.000000 176.000000 208.000000 56.000000 20.000000 28.000000 3.000000 1.000000 2.000000 1.000000 32.000000 2.000000 64.000000 4.000000 1.061586 0.227934 6.075560
6.000000 64.000000 28.000000 1024.000000 8192.000000 4096.000000 20.000000 1024.000000 256.000000 48.000000 144.000000 80.000000 36.000000 48.000000 3.000000 2.000000 1.000000 2.000000 64.000000 4.000000 16.000000 2.000000 0.951392 0.184566 5.077240
6.000000 32.000000 32.000000 1024.000000 8192.000000 2048.000000 36.000000 4096.000000 112.000000 192.000000 192.000000 24.000000 48.000000 20.000000 6.000000 2.000000 1.000000 1.000000 64.000000 2.000000 32.000000 2.000000 1.236994 0.228244 5.648680
6.000000 64.000000 16.000000 512.000000 4096.000000 4096.000000 30.000000 4096.000000 48.000000 48.000000 304.000000 32.000000 24.000000 48.000000 6.000000 1.000000 2.000000 2.000000 64.000000 4.000000 64.000000 4.000000 1.153998 0.214447 4.346390
4.000000 16.000000 16.000000 512.000000 2048.000000 8192.000000 36.000000 2048.000000 144.000000 192.000000 288.000000 48.000000 20.000000 20.000000 4.000000 1.000000 2.000000 1.000000 32.000000 2.000000 16.000000 4.000000 0.880331 0.154333 3.958550
3.000000 16.000000 16.000000 512.000000 4096.000000 2048.000000 34.000000 4096.000000 32.000000 224.000000 304.000000 48.000000 32.000000 32.000000 4.000000 2.000000 1.000000 2.000000 64.000000 4.000000 16.000000 2.000000 0.825554 0.123569 3.609660
5.000000 16.000000 20.000000 512.000000 8192.000000 8192.000000 26.000000 4096.000000 96.000000 112.000000 112.000000 40.000000 20.000000 24.000000 5.000000 2.000000 1.000000 2.000000 32.000000 4.000000 64.000000 4.000000 0.981039 0.147629 3.617240
5.000000 32.000000 8.000000 512.000000 2048.000000 2048.000000 40.000000 4096.000000 176.000000 144.000000 144.000000 64.000000 40.000000 32.000000 4.000000 2.000000 1.000000 1.000000 64.000000 4.000000 64.000000 4.000000 1.286799 0.237654 4.256810
5.000000 64.000000 16.000000 1024.000000 8192.000000 2048.000000 40.000000 1024.000000 240.000000 40.000000 144.000000 72.000000 44.000000 40.000000 4.000000 2.000000 1.000000 1.000000 16.000000 2.000000 32.000000 2.000000 0.587539 0.077578 3.258100
7.000000 64.000000 40.000000 512.000000 2048.000000 2048.000000 40.000000 4096.000000 48.000000 208.000000 48.000000 40.000000 32.000000 36.000000 4.000000 1.000000 1.000000 1.000000 32.000000 2.000000 64.000000 4.000000 1.314040 0.247822 4.533570
8.000000 16.000000 16.000000 2048.000000 4096.000000 8192.000000 20.000000 2048.000000 256.000000 128.000000 112.000000 16.000000 32.000000 32.000000 3.000000 2.000000 2.000000 2.000000 32.000000 4.000000 64.000000 2.000000 1.069287 0.171642 4.216430
5.000000 64.000000 44.000000 2048.000000 2048.000000 8192.000000 40.000000 2048.000000 256.000000 64.000000 112.000000 48.000000 20.000000 32.000000 4.000000 1.000000 2.000000 2.000000 64.000000 4.000000 16.000000 2.000000 1.224683 0.292380 6.747150
7.000000 32.000000 40.000000 1024.000000 4096.000000 2048.000000 34.000000 4096.000000 192.000000 304.000000 80.000000 32.000000 44.000000 24.000000 6.000000 2.000000 2.000000 2.000000 16.000000 4.000000 16.000000 2.000000 1.168323 0.188797 4.226730
5.000000 32.000000 12.000000 512.000000 4096.000000 4096.000000 36.000000 2048.000000 48.000000 48.000000 40.000000 80.000000 40.000000 44.000000 3.000000 1.000000 1.000000 1.000000 16.000000 2.000000 32.000000 2.000000 0.812891 0.112516 2.929500
4.000000 32.000000 12.000000 1024.000000 2048.000000 8192.000000 26.000000 4096.000000 80.000000 272.000000 240.000000 48.000000 24.000000 40.000000 4.000000 1.000000 1.000000 1.000000 16.000000 4.000000 16.000000 2.000000 0.991042 0.164630 4.147160
4.000000 64.000000 44.000000 512.000000 4096.000000 4096.000000 24.000000 4096.000000 256.000000 80.000000 192.000000 80.000000 20.000000 44.000000 5.000000 2.000000 1.000000 2.000000 16.000000 4.000000 32.000000 2.000000 1.134234 0.162586 4.004820
2.000000 64.000000 48.000000 2048.000000 8192.000000 8192.000000 20.000000 2048.000000 256.000000 48.000000 192.000000 32.000000 20.000000 36.000000 5.000000 1.000000 1.000000 1.000000 16.000000 2.000000 32.000000 2.000000 0.753273 0.156564 5.221860
7.000000 32.000000 36.000000 512.000000 8192.000000 2048.000000 40.000000 2048.000000 256.000000 208.000000 160.000000 16.000000 28.000000 20.000000 6.000000 1.000000 2.000000 2.000000 16.000000 2.000000 16.000000 4.000000 1.019496 0.218662 6.894450
6.000000 64.000000 32.000000 2048.000000 4096.000000 4096.000000 30.000000 1024.000000 112.000000 64.000000 144.000000 80.000000 20.000000 48.000000 3.000000 2.000000 1.000000 1.000000 64.000000 4.000000 32.000000 2.000000 1.106472 0.159036 3.935553
6.000000 64.000000 24.000000 512.000000 8192.000000 8192.000000 40.000000 1024.000000 240.000000 256.000000 272.000000 24.000000 40.000000 48.000000 6.000000 1.000000 1.000000 1.000000 16.000000 2.000000 32.000000 2.000000 1.203865 0.216578 5.372390
4.000000 64.000000 8.000000 1024.000000 8192.000000 2048.000000 36.000000 4096.000000 224.000000 80.000000 144.000000 16.000000 32.000000 32.000000 4.000000 1.000000 1.000000 1.000000 64.000000 4.000000 16.000000 2.000000 1.177539 0.177616 4.038605
4.000000 64.000000 8.000000 2048.000000 2048.000000 2048.000000 24.000000 1024.000000 96.000000 288.000000 128.000000 32.000000 32.000000 48.000000 6.000000 1.000000 1.000000 2.000000 16.000000 2.000000 16.000000 2.000000 1.104828 0.248484 6.534950
8.000000 32.000000 44.000000 512.000000 8192.000000 4096.000000 32.000000 4096.000000 256.000000 272.000000 144.000000 32.000000 32.000000 28.000000 3.000000 1.000000 2.000000 2.000000 32.000000 4.000000 64.000000 2.000000 1.303962 0.328486 8.192840
7.000000 64.000000 12.000000 2048.000000 4096.000000 4096.000000 24.000000 4096.000000 208.000000 112.000000 224.000000 64.000000 40.000000 24.000000 6.000000 2.000000 1.000000 2.000000 16.000000 4.000000 64.000000 2.000000 1.307990 0.350976 8.990390
4.000000 32.000000 32.000000 2048.000000 8192.000000 8192.000000 20.000000 4096.000000 176.000000 224.000000 112.000000 64.000000 24.000000 44.000000 5.000000 2.000000 1.000000 1.000000 64.000000 4.000000 64.000000 2.000000 1.195795 0.292557 6.485040
7.000000 64.000000 40.000000 1024.000000 8192.000000 8192.000000 26.000000 4096.000000 48.000000 128.000000 192.000000 56.000000 32.000000 36.000000 3.000000 2.000000 1.000000 1.000000 16.000000 4.000000 32.000000 2.000000 1.153976 0.219876 4.859803
3.000000 32.000000 48.000000 1024.000000 2048.000000 8192.000000 18.000000 1024.000000 176.000000 48.000000 304.000000 48.000000 40.000000 24.000000 3.000000 1.000000 2.000000 1.000000 16.000000 2.000000 32.000000 2.000000 0.798350 0.119160 3.854020
6.000000 32.000000 12.000000 1024.000000 4096.000000 8192.000000 36.000000 1024.000000 256.000000 40.000000 240.000000 80.000000 32.000000 40.000000 5.000000 2.000000 2.000000 2.000000 32.000000 4.000000 16.000000 4.000000 0.720012 0.182937 6.002060
4.000000 32.000000 48.000000 2048.000000 2048.000000 2048.000000 16.000000 4096.000000 192.000000 48.000000 80.000000 16.000000 24.000000 28.000000 3.000000 2.000000 1.000000 2.000000 16.000000 2.000000 16.000000 2.000000 0.818519 0.181818 5.805690
8.000000 16.000000 44.000000 1024.000000 8192.000000 8192.000000 18.000000 4096.000000 144.000000 48.000000 224.000000 40.000000 48.000000 24.000000 5.000000 1.000000 2.000000 1.000000 32.000000 2.000000 64.000000 4.000000 0.942154 0.230048 6.472640
5.000000 16.000000 24.000000 512.000000 8192.000000 8192.000000 22.000000 4096.000000 64.000000 96.000000 192.000000 80.000000 32.000000 32.000000 5.000000 1.000000 2.000000 2.000000 16.000000 2.000000 32.000000 2.000000 0.901747 0.142996 4.506010
6.000000 64.000000 20.000000 1024.000000 8192.000000 8192.000000 40.000000 4096.000000 208.000000 288.000000 288.000000 72.000000 36.000000 36.000000 3.000000 1.000000 2.000000 2.000000 32.000000 4.000000 16.000000 2.000000 1.122090 0.310601 7.165470
8.000000 64.000000 40.000000 1024.000000 8192.000000 2048.000000 16.000000 1024.000000 128.000000 192.000000 208.000000 24.000000 44.000000 28.000000 3.000000 1.000000 2.000000 2.000000 32.000000 4.000000 64.000000 4.000000 1.311712 0.228568 4.989485
7.000000 64.000000 36.000000 1024.000000 4096.000000 8192.000000 34.000000 4096.000000 64.000000 288.000000 64.000000 64.000000 48.000000 44.000000 5.000000 1.000000 2.000000 2.000000 16.000000 4.000000 16.000000 2.000000 1.291847 0.259888 6.787260
5.000000 16.000000 36.000000 2048.000000 2048.000000 8192.000000 34.000000 1024.000000 176.000000 40.000000 256.000000 40.000000 40.000000 20.000000 3.000000 2.000000 2.000000 1.000000 32.000000 2.000000 32.000000 2.000000 0.648780 0.124451 3.827870
4.000000 16.000000 12.000000 1024.000000 4096.000000 4096.000000 30.000000 2048.000000 64.000000 48.000000 176.000000 16.000000 20.000000 32.000000 4.000000 1.000000 2.000000 1.000000 64.000000 4.000000 16.000000 4.000000 0.871631 0.160635 4.164920
5.000000 16.000000 24.000000 2048.000000 4096.000000 4096.000000 20.000000 1024.000000 224.000000 96.000000 144.000000 24.000000 32.000000 44.000000 4.000000 2.000000 2.000000 2.000000 64.000000 4.000000 16.000000 4.000000 1.019670 0.287581 7.207330
8.000000 32.000000 8.000000 1024.000000 8192.000000 8192.000000 28.000000 4096.000000 80.000000 40.000000 288.000000 56.000000 28.000000 28.000000 3.000000 2.000000 2.000000 1.000000 16.000000 2.000000 16.000000 4.000000 0.586975 0.148128 6.148330
8.000000 64.000000 24.000000 512.000000 8192.000000 2048.000000 28.000000 1024.000000 48.000000 272.000000 208.000000 72.000000 24.000000 40.000000 5.000000 1.000000 2.000000 2.000000 16.000000 4.000000 64.000000 2.000000 1.227740 0.258561 7.711420
4.000000 64.000000 8.000000 512.000000 8192.000000 8192.000000 16.000000 4096.000000 32.000000 128.000000 192.000000 56.000000 32.000000 20.000000 4.000000 2.000000 1.000000 2.000000 32.000000 4.000000 16.000000 4.000000 1.055497 0.185265 4.360920
3.000000 16.000000 32.000000 512.000000 2048.000000 8192.000000 20.000000 4096.000000 208.000000 128.000000 160.000000 32.000000 32.000000 36.000000 5.000000 1.000000 2.000000 2.000000 16.000000 2.000000 64.000000 2.000000 0.793415 0.117487 3.863130
5.000000 64.000000 28.000000 1024.000000 2048.000000 8192.000000 32.000000 1024.000000 256.000000 128.000000 112.000000 16.000000 28.000000 48.000000 4.000000 2.000000 2.000000 1.000000 16.000000 2.000000 16.000000 2.000000 1.165709 0.316736 8.306340
3.000000 64.000000 16.000000 1024.000000 8192.000000 2048.000000 32.000000 2048.000000 48.000000 256.000000 192.000000 32.000000 48.000000 48.000000 5.000000 2.000000 1.000000 2.000000 16.000000 2.000000 32.000000 2.000000 0.979199 0.144996 4.255160
7.000000 32.000000 8.000000 2048.000000 4096.000000 8192.000000 38.000000 2048.000000 32.000000 112.000000 176.000000 80.000000 28.000000 28.000000 3.000000 2.000000 2.000000 2.000000 64.000000 4.000000 32.000000 2.000000 0.987541 0.133428 3.083330
5.000000 16.000000 8.000000 2048.000000 2048.000000 8192.000000 18.000000 4096.000000 112.000000 272.000000 240.000000 40.000000 36.000000 28.000000 3.000000 1.000000 1.000000 1.000000 32.000000 2.000000 32.000000 2.000000 0.982002 0.243779 6.293970
3.000000 32.000000 48.000000 512.000000 8192.000000 2048.000000 34.000000 4096.000000 32.000000 64.000000 272.000000 16.000000 48.000000 48.000000 6.000000 2.000000 1.000000 1.000000 16.000000 4.000000 64.000000 2.000000 0.885349 0.119909 3.164830
4.000000 64.000000 16.000000 2048.000000 2048.000000 8192.000000 34.000000 2048.000000 160.000000 160.000000 176.000000 16.000000 24.000000 20.000000 4.000000 2.000000 2.000000 2.000000 64.000000 2.000000 32.000000 2.000000 1.006102 0.134211 2.848270
7.000000 64.000000 36.000000 2048.000000 2048.000000 8192.000000 36.000000 2048.000000 192.000000 256.000000 176.000000 64.000000 44.000000 44.000000 6.000000 1.000000 2.000000 1.000000 16.000000 4.000000 32.000000 4.000000 1.352810 0.407660 9.322110
7.000000 32.000000 48.000000 512.000000 8192.000000 4096.000000 38.000000 1024.000000 80.000000 176.000000 272.000000 16.000000 40.000000 32.000000 6.000000 1.000000 1.000000 2.000000 16.000000 4.000000 16.000000 2.000000 1.039192 0.194727 5.846850
2.000000 64.000000 28.000000 1024.000000 2048.000000 2048.000000 36.000000 1024.000000 256.000000 40.000000 128.000000 24.000000 44.000000 44.000000 6.000000 2.000000 2.000000 2.000000 64.000000 4.000000 16.000000 4.000000 0.723149 0.158937 6.196590
6.000000 64.000000 16.000000 1024.000000 8192.000000 8192.000000 36.000000 1024.000000 144.000000 160.000000 176.000000 32.000000 24.000000 20.000000 6.000000 2.000000 2.000000 1.000000 32.000000 2.000000 16.000000 4.000000 1.161833 0.127381 3.287710
5.000000 16.000000 44.000000 1024.000000 2048.000000 8192.000000 24.000000 1024.000000 224.000000 48.000000 40.000000 48.000000 44.000000 48.000000 3.000000 2.000000 1.000000 1.000000 32.000000 2.000000 32.000000 2.000000 0.867639 0.147719 3.922900
5.000000 32.000000 40.000000 2048.000000 8192.000000 4096.000000 28.000000 2048.000000 128.000000 112.000000 304.000000 24.000000 48.000000 40.000000 4.000000 2.000000 2.000000 1.000000 64.000000 4.000000 32.000000 4.000000 1.249963 0.332844 7.010810
6.000000 16.000000 40.000000 1024.000000 4096.000000 8192.000000 18.000000 1024.000000 48.000000 112.000000 48.000000 64.000000 20.000000 32.000000 3.000000 2.000000 2.000000 1.000000 64.000000 2.000000 64.000000 2.000000 0.955428 0.148258 4.086290
8.000000 64.000000 28.000000 512.000000 8192.000000 8192.000000 40.000000 4096.000000 192.000000 160.000000 176.000000 24.000000 40.000000 32.000000 5.000000 1.000000 2.000000 1.000000 32.000000 2.000000 32.000000 2.000000 1.356734 0.263895 6.399110
8.000000 64.000000 48.000000 512.000000 4096.000000 2048.000000 22.000000 1024.000000 32.000000 224.000000 128.000000 72.000000 24.000000 20.000000 3.000000 1.000000 2.000000 2.000000 64.000000 4.000000 64.000000 2.000000 1.196689 0.235735 6.169580
8.000000 16.000000 40.000000 1024.000000 4096.000000 4096.000000 24.000000 1024.000000 256.000000 224.000000 48.000000 80.000000 28.000000 40.000000 5.000000 2.000000 2.000000 2.000000 64.000000 2.000000 32.000000 4.000000 1.071043 0.210766 5.001020
7.000000 16.000000 24.000000 1024.000000 8192.000000 4096.000000 24.000000 2048.000000 160.000000 208.000000 192.000000 32.000000 40.000000 20.000000 4.000000 2.000000 2.000000 1.000000 32.000000 2.000000 32.000000 2.000000 1.028981 0.217010 6.521360
8.000000 64.000000 40.000000 512.000000 8192.000000 8192.000000 20.000000 1024.000000 80.000000 96.000000 160.000000 48.000000 36.000000 40.000000 5.000000 2.000000 2.000000 1.000000 32.000000 2.000000 32.000000 2.000000 1.396946 0.254597 5.650920
7.000000 64.000000 16.000000 2048.000000 4096.000000 2048.000000 38.000000 2048.000000 240.000000 304.000000 256.000000 56.000000 28.000000 32.000000 5.000000 1.000000 1.000000 1.000000 16.000000 2.000000 16.000000 2.000000 1.291789 0.362431 8.583730
4.000000 32.000000 48.000000 512.000000 4096.000000 2048.000000 30.000000 1024.000000 160.000000 256.000000 144.000000 24.000000 44.000000 32.000000 4.000000 1.000000 1.000000 1.000000 32.000000 4.000000 64.000000 4.000000 1.046368 0.265862 6.830970
8.000000 16.000000 36.000000 2048.000000 4096.000000 4096.000000 32.000000 1024.000000 224.000000 176.000000 272.000000 32.000000 44.000000 28.000000 4.000000 2.000000 2.000000 1.000000 64.000000 2.000000 16.000000 2.000000 0.994301 0.184382 4.980450
4.000000 16.000000 40.000000 512.000000 2048.000000 2048.000000 16.000000 1024.000000 32.000000 40.000000 40.000000 16.000000 20.000000 20.000000 3.000000 1.000000 1.000000 1.000000 16.000000 2.000000 16.000000 2.000000 0.554249 0.075699 2.580440
7.000000 32.000000 48.000000 2048.000000 2048.000000 8192.000000 20.000000 2048.000000 48.000000 40.000000 224.000000 32.000000 36.000000 48.000000 6.000000 1.000000 2.000000 2.000000 32.000000 2.000000 32.000000 2.000000 0.655745 0.197701 7.815630
8.000000 64.000000 44.000000 2048.000000 4096.000000 4096.000000 30.000000 4096.000000 80.000000 144.000000 208.000000 40.000000 40.000000 40.000000 5.000000 2.000000 2.000000 1.000000 32.000000 2.000000 16.000000 4.000000 1.466432 0.425199 9.012200
7.000000 16.000000 24.000000 512.000000 2048.000000 2048.000000 26.000000 1024.000000 224.000000 112.000000 112.000000 48.000000 32.000000 48.000000 6.000000 2.000000 2.000000 2.000000 16.000000 2.000000 16.000000 2.000000 0.874432 0.143053 4.013080
6.000000 64.000000 8.000000 2048.000000 2048.000000 4096.000000 36.000000 1024.000000 32.000000 64.000000 80.000000 80.000000 24.000000 20.000000 3.000000 1.000000 1.000000 1.000000 64.000000 2.000000 32.000000 2.000000 1.129809 0.265787 5.782480
5.000000 32.000000 12.000000 512.000000 2048.000000 8192.000000 34.000000 4096.000000 192.000000 128.000000 272.000000 32.000000 40.000000 28.000000 6.000000 1.000000 2.000000 2.000000 64.000000 4.000000 32.000000 2.000000 1.234525 0.206334 5.233970
5.000000 32.000000 24.000000 512.000000 2048.000000 8192.000000 34.000000 1024.000000 144.000000 304.000000 272.000000 40.000000 28.000000 48.000000 6.000000 1.000000 2.000000 2.000000 64.000000 4.000000 64.000000 4.000000 1.105419 0.195248 3.948490
2.000000 16.000000 8.000000 1024.000000 8192.000000 8192.000000 18.000000 2048.000000 32.000000 304.000000 64.000000 40.000000 36.000000 48.000000 6.000000 1.000000 2.000000 1.000000 64.000000 2.000000 32.000000 2.000000 0.734464 0.116977 3.902490
3.000000 64.000000 8.000000 2048.000000 4096.000000 8192.000000 24.000000 1024.000000 32.000000 224.000000 112.000000 56.000000 36.000000 36.000000 4.000000 1.000000 2.000000 2.000000 64.000000 2.000000 64.000000 2.000000 1.028989 0.273264 6.543550
5.000000 64.000000 44.000000 1024.000000 2048.000000 2048.000000 40.000000 2048.000000 224.000000 192.000000 40.000000 24.000000 28.000000 44.000000 6.000000 2.000000 1.000000 1.000000 32.000000 4.000000 32.000000 2.000000 1.258755 0.218719 5.005040
5.000000 64.000000 32.000000 2048.000000 8192.000000 8192.000000 32.000000 2048.000000 32.000000 96.000000 96.000000 56.000000 36.000000 36.000000 3.000000 2.000000 1.000000 2.000000 64.000000 2.000000 16.000000 2.000000 1.137475 0.255598 6.145040
6.000000 64.000000 16.000000 2048.000000 4096.000000 8192.000000 18.000000 4096.000000 48.000000 128.000000 192.000000 64.000000 20.000000 36.000000 3.000000 2.000000 1.000000 1.000000 64.000000 2.000000 32.000000 4.000000 1.038072 0.316896 7.068020
6.000000 32.000000 8.000000 1024.000000 2048.000000 4096.000000 32.000000 4096.000000 144.000000 192.000000 64.000000 80.000000 28.000000 20.000000 6.000000 2.000000 1.000000 1.000000 16.000000 4.000000 32.000000 4.000000 1.090061 0.233398 5.756650
7.000000 16.000000 32.000000 2048.000000 2048.000000 4096.000000 38.000000 1024.000000 208.000000 224.000000 128.000000 32.000000 48.000000 40.000000 5.000000 2.000000 1.000000 1.000000 32.000000 4.000000 64.000000 4.000000 1.093182 0.349009 8.525370
8.000000 64.000000 20.000000 1024.000000 8192.000000 4096.000000 20.000000 4096.000000 160.000000 304.000000 96.000000 40.000000 28.000000 32.000000 3.000000 2.000000 2.000000 1.000000 64.000000 2.000000 32.000000 2.000000 1.440470 0.326527 7.155150
6.000000 32.000000 44.000000 512.000000 2048.000000 4096.000000 30.000000 1024.000000 224.000000 288.000000 240.000000 56.000000 28.000000 32.000000 5.000000 2.000000 2.000000 1.000000 16.000000 2.000000 64.000000 4.000000 1.007305 0.199610 5.928675
7.000000 32.000000 32.000000 1024.000000 8192.000000 4096.000000 24.000000 2048.000000 256.000000 40.000000 304.000000 24.000000 44.000000 48.000000 5.000000 1.000000 1.000000 2.000000 32.000000 2.000000 64.000000 2.000000 0.669673 0.154934 6.117350
6.000000 32.000000 32.000000 2048.000000 2048.000000 8192.000000 28.000000 4096.000000 176.000000 80.000000 272.000000 64.000000 44.000000 40.000000 3.000000 2.000000 1.000000 2.000000 64.000000 2.000000 64.000000 4.000000 0.914483 0.198870 5.003993
6.000000 64.000000 28.000000 512.000000 2048.000000 8192.000000 38.000000 2048.000000 32.000000 48.000000 272.000000 40.000000 24.000000 28.000000 6.000000 2.000000 2.000000 2.000000 32.000000 2.000000 32.000000 2.000000 0.935691 0.154350 5.137090
5.000000 64.000000 44.000000 512.000000 4096.000000 4096.000000 40.000000 2048.000000 192.000000 224.000000 96.000000 40.000000 44.000000 24.000000 4.000000 1.000000 1.000000 2.000000 32.000000 2.000000 16.000000 2.000000 1.239846 0.279764 6.676527
6.000000 32.000000 44.000000 1024.000000 8192.000000 4096.000000 38.000000 1024.000000 192.000000 224.000000 224.000000 56.000000 36.000000 20.000000 4.000000 1.000000 2.000000 2.000000 64.000000 2.000000 32.000000 2.000000 1.255351 0.247143 6.257440
8.000000 64.000000 8.000000 512.000000 2048.000000 4096.000000 22.000000 1024.000000 240.000000 272.000000 128.000000 56.000000 44.000000 24.000000 3.000000 1.000000 2.000000 2.000000 32.000000 4.000000 64.000000 2.000000 1.392735 0.307218 6.806740
8.000000 16.000000 32.000000 1024.000000 2048.000000 2048.000000 20.000000 2048.000000 192.000000 176.000000 144.000000 24.000000 28.000000 44.000000 5.000000 1.000000 1.000000 2.000000 32.000000 4.000000 64.000000 4.000000 0.997537 0.203410 6.211090
6.000000 16.000000 36.000000 1024.000000 4096.000000 4096.000000 24.000000 4096.000000 208.000000 256.000000 64.000000 80.000000 40.000000 44.000000 4.000000 1.000000 2.000000 2.000000 64.000000 2.000000 32.000000 2.000000 1.093750 0.224943 5.994160
6.000000 16.000000 24.000000 1024.000000 4096.000000 4096.000000 30.000000 2048.000000 32.000000 176.000000 144.000000 48.000000 24.000000 44.000000 5.000000 2.000000 2.000000 2.000000 16.000000 4.000000 64.000000 2.000000 0.906719 0.179997 6.133850
5.000000 16.000000 44.000000 1024.000000 2048.000000 2048.000000 20.000000 1024.000000 128.000000 208.000000 144.000000 56.000000 36.000000 24.000000 6.000000 2.000000 1.000000 2.000000 64.000000 2.000000 32.000000 4.000000 1.043212 0.221777 5.611650
5.000000 32.000000 20.000000 512.000000 8192.000000 8192.000000 34.000000 1024.000000 128.000000 240.000000 48.000000 80.000000 28.000000 24.000000 5.000000 2.000000 1.000000 2.000000 32.000000 2.000000 16.000000 2.000000 1.100721 0.172757 4.493780
8.000000 32.000000 36.000000 2048.000000 2048.000000 2048.000000 36.000000 1024.000000 112.000000 208.000000 160.000000 80.000000 32.000000 44.000000 6.000000 2.000000 2.000000 2.000000 16.000000 2.000000 16.000000 2.000000 1.167331 0.337601 10.450300
5.000000 16.000000 24.000000 512.000000 4096.000000 4096.000000 24.000000 2048.000000 32.000000 80.000000 240.000000 48.000000 36.000000 44.000000 6.000000 1.000000 2.000000 1.000000 32.000000 2.000000 64.000000 2.000000 0.952516 0.149069 4.104530
7.000000 16.000000 12.000000 2048.000000 8192.000000 4096.000000 36.000000 4096.000000 32.000000 192.000000 272.000000 64.000000 48.000000 40.000000 4.000000 1.000000 1.000000 2.000000 16.000000 2.000000 64.000000 2.000000 0.916682 0.250205 8.083940
7.000000 64.000000 24.000000 2048.000000 2048.000000 2048.000000 24.000000 4096.000000 144.000000 192.000000 144.000000 64.000000 20.000000 44.000000 3.000000 1.000000 2.000000 1.000000 16.000000 2.000000 64.000000 2.000000 1.241305 0.329217 7.593750
5.000000 64.000000 40.000000 2048.000000 4096.000000 4096.000000 16.000000 4096.000000 80.000000 96.000000 224.000000 64.000000 20.000000 36.000000 6.000000 1.000000 1.000000 1.000000 64.000000 2.000000 64.000000 2.000000 1.389643 0.325834 6.377240
5.000000 64.000000 20.000000 2048.000000 2048.000000 8192.000000 34.000000 4096.000000 96.000000 128.000000 240.000000 24.000000 36.000000 32.000000 3.000000 2.000000 1.000000 2.000000 32.000000 4.000000 64.000000 2.000000 1.321378 0.304713 6.748950
7.000000 32.000000 12.000000 512.000000 8192.000000 8192.000000 24.000000 1024.000000 128.000000 304.000000 288.000000 80.000000 32.000000 20.000000 4.000000 1.000000 1.000000 2.000000 32.000000 4.000000 32.000000 4.000000 1.234908 0.282884 6.472170
5.000000 16.000000 20.000000 1024.000000 4096.000000 4096.000000 18.000000 2048.000000 224.000000 128.000000 128.000000 40.000000 24.000000 24.000000 3.000000 2.000000 2.000000 2.000000 32.000000 2.000000 32.000000 2.000000 0.979962 0.173626 5.163530
2.000000 64.000000 36.000000 1024.000000 8192.000000 4096.000000 22.000000 2048.000000 208.000000 40.000000 40.000000 48.000000 28.000000 40.000000 3.000000 1.000000 2.000000 2.000000 32.000000 2.000000 16.000000 2.000000 0.587360 0.088334 3.780440
7.000000 64.000000 32.000000 2048.000000 4096.000000 8192.000000 22.000000 2048.000000 192.000000 112.000000 304.000000 72.000000 48.000000 48.000000 6.000000 1.000000 1.000000 2.000000 16.000000 4.000000 32.000000 2.000000 1.325833 0.365243 8.791130
6.000000 32.000000 40.000000 512.000000 2048.000000 4096.000000 34.000000 2048.000000 112.000000 40.000000 40.000000 40.000000 24.000000 40.000000 6.000000 2.000000 2.000000 2.000000 16.000000 2.000000 32.000000 4.000000 0.593794 0.124132 4.638590
3.000000 32.000000 24.000000 512.000000 2048.000000 2048.000000 16.000000 2048.000000 128.000000 144.000000 176.000000 24.000000 40.000000 36.000000 6.000000 2.000000 1.000000 1.000000 32.000000 2.000000 16.000000 2.000000 0.964251 0.128219 3.133770
3.000000 16.000000 40.000000 2048.000000 4096.000000 8192.000000 32.000000 1024.000000 128.000000 40.000000 288.000000 72.000000 32.000000 20.000000 6.000000 1.000000 2.000000 2.000000 16.000000 4.000000 64.000000 4.000000 0.582314 0.169785 6.546510
8.000000 16.000000 24.000000 2048.000000 2048.000000 4096.000000 32.000000 4096.000000 144.000000 64.000000 288.000000 40.000000 20.000000 20.000000 4.000000 2.000000 1.000000 2.000000 64.000000 2.000000 16.000000 4.000000 1.046329 0.326477 8.630070
7.000000 16.000000 32.000000 2048.000000 2048.000000 2048.000000 26.000000 4096.000000 48.000000 288.000000 224.000000 32.000000 40.000000 32.000000 6.000000 1.000000 1.000000 1.000000 64.000000 4.000000 16.000000 4.000000 1.067473 0.337138 8.514080
3.000000 32.000000 44.000000 1024.000000 4096.000000 8192.000000 24.000000 1024.000000 176.000000 176.000000 40.000000 16.000000 28.000000 40.000000 4.000000 1.000000 1.000000 1.000000 32.000000 4.000000 64.000000 2.000000 0.962892 0.147242 3.690570
4.000000 32.000000 12.000000 1024.000000 8192.000000 2048.000000 20.000000 1024.000000 48.000000 208.000000 272.000000 56.000000 28.000000 40.000000 6.000000 2.000000 1.000000 2.000000 64.000000 4.000000 16.000000 2.000000 1.065599 0.184766 4.922340
8.000000 32.000000 48.000000 2048.000000 8192.000000 4096.000000 22.000000 4096.000000 256.000000 96.000000 192.000000 32.000000 40.000000 48.000000 4.000000 2.000000 2.000000 1.000000 32.000000 2.000000 16.000000 2.000000 1.252125 0.348206 8.547810
3.000000 64.000000 32.000000 2048.000000 4096.000000 2048.000000 32.000000 1024.000000 80.000000 48.000000 288.000000 64.000000 36.000000 24.000000 5.000000 1.000000 1.000000 2.000000 32.000000 2.000000 32.000000 2.000000 0.870694 0.195259 5.789250
7.000000 16.000000 32.000000 2048.000000 4096.000000 2048.000000 20.000000 1024.000000 80.000000 112.000000 96.000000 32.000000 44.000000 48.000000 4.000000 2.000000 1.000000 2.000000 16.000000 2.000000 16.000000 2.000000 0.951660 0.244314 7.183980
4.000000 16.000000 16.000000 512.000000 2048.000000 4096.000000 38.000000 1024.000000 160.000000 176.000000 96.000000 16.000000 32.000000 36.000000 4.000000 2.000000 1.000000 1.000000 32.000000 2.000000 16.000000 4.000000 0.872358 0.148148 3.474240
8.000000 64.000000 8.000000 1024.000000 8192.000000 2048.000000 26.000000 1024.000000 96.000000 208.000000 80.000000 16.000000 24.000000 36.000000 5.000000 1.000000 1.000000 1.000000 32.000000 2.000000 32.000000 4.000000 1.144352 0.259642 6.078800
6.000000 32.000000 44.000000 2048.000000 8192.000000 8192.000000 36.000000 1024.000000 112.000000 40.000000 240.000000 48.000000 32.000000 20.000000 3.000000 2.000000 1.000000 2.000000 16.000000 2.000000 64.000000 2.000000 0.589688 0.165927 6.798990
6.000000 64.000000 28.000000 512.000000 4096.000000 8192.000000 20.000000 2048.000000 80.000000 96.000000 272.000000 72.000000 20.000000 20.000000 6.000000 1.000000 2.000000 1.000000 64.000000 2.000000 16.000000 4.000000 1.359071 0.250027 4.994520
7.000000 32.000000 28.000000 1024.000000 2048.000000 4096.000000 30.000000 2048.000000 112.000000 40.000000 240.000000 24.000000 36.000000 24.000000 4.000000 2.000000 1.000000 2.000000 16.000000 4.000000 64.000000 4.000000 0.613855 0.148831 5.676980
6.000000 16.000000 16.000000 512.000000 4096.000000 4096.000000 16.000000 1024.000000 64.000000 160.000000 160.000000 32.000000 20.000000 40.000000 4.000000 1.000000 2.000000 1.000000 16.000000 4.000000 16.000000 4.000000 0.922425 0.178386 4.507270
6.000000 64.000000 8.000000 1024.000000 8192.000000 8192.000000 24.000000 4096.000000 176.000000 160.000000 144.000000 80.000000 24.000000 24.000000 3.000000 2.000000 1.000000 2.000000 16.000000 2.000000 32.000000 4.000000 1.202699 0.248338 5.589960
6.000000 16.000000 48.000000 2048.000000 8192.000000 8192.000000 24.000000 1024.000000 224.000000 128.000000 176.000000 32.000000 24.000000 36.000000 4.000000 1.000000 1.000000 1.000000 16.000000 4.000000 32.000000 4.000000 0.947693 0.271236 6.807920
8.000000 64.000000 20.000000 2048.000000 8192.000000 4096.000000 16.000000 4096.000000 176.000000 80.000000 192.000000 16.000000 44.000000 48.000000 6.000000 1.000000 2.000000 1.000000 64.000000 2.000000 64.000000 4.000000 1.311378 0.402683 8.744490
7.000000 16.000000 28.000000 2048.000000 8192.000000 4096.000000 36.000000 4096.000000 48.000000 208.000000 96.000000 64.000000 48.000000 28.000000 4.000000 2.000000 1.000000 2.000000 64.000000 2.000000 64.000000 4.000000 1.108030 0.328729 8.137570
6.000000 32.000000 8.000000 1024.000000 4096.000000 4096.000000 22.000000 4096.000000 128.000000 288.000000 208.000000 56.000000 40.000000 24.000000 3.000000 1.000000 1.000000 2.000000 64.000000 2.000000 64.000000 4.000000 1.293248 0.280353 5.771020
5.000000 64.000000 12.000000 1024.000000 2048.000000 4096.000000 40.000000 2048.000000 64.000000 240.000000 40.000000 16.000000 44.000000 28.000000 5.000000 1.000000 1.000000 2.000000 32.000000 2.000000 32.000000 2.000000 1.095794 0.177885 4.718580
6.000000 16.000000 48.000000 2048.000000 8192.000000 2048.000000 16.000000 1024.000000 80.000000 112.000000 112.000000 72.000000 28.000000 40.000000 4.000000 1.000000 2.000000 1.000000 64.000000 4.000000 32.000000 2.000000 1.074979 0.284658 6.710740
8.000000 64.000000 12.000000 1024.000000 2048.000000 2048.000000 20.000000 2048.000000 144.000000 112.000000 64.000000 80.000000 20.000000 28.000000 6.000000 2.000000 2.000000 1.000000 32.000000 4.000000 32.000000 2.000000 1.438372 0.309277 7.110840
8.000000 32.000000 40.000000 2048.000000 4096.000000 4096.000000 22.000000 1024.000000 176.000000 192.000000 272.000000 56.000000 48.000000 44.000000 3.000000 2.000000 2.000000 2.000000 16.000000 2.000000 16.000000 2.000000 1.168034 0.342702 9.777160
8.000000 32.000000 44.000000 512.000000 8192.000000 8192.000000 36.000000 1024.000000 176.000000 224.000000 64.000000 24.000000 36.000000 48.000000 5.000000 2.000000 2.000000 2.000000 16.000000 4.000000 32.000000 2.000000 1.146297 0.235751 7.194600
4.000000 64.000000 36.000000 1024.000000 2048.000000 2048.000000 24.000000 1024.000000 224.000000 128.000000 288.000000 16.000000 28.000000 28.000000 5.000000 1.000000 1.000000 1.000000 64.000000 2.000000 16.000000 2.000000 1.127930 0.182241 4.117900
6.000000 32.000000 12.000000 2048.000000 4096.000000 8192.000000 18.000000 1024.000000 64.000000 128.000000 240.000000 16.000000 32.000000 36.000000 4.000000 1.000000 1.000000 1.000000 16.000000 2.000000 32.000000 2.000000 1.021338 0.239785 6.385520
6.000000 32.000000 32.000000 2048.000000 2048.000000 2048.000000 32.000000 2048.000000 176.000000 272.000000 192.000000 80.000000 32.000000 36.000000 4.000000 1.000000 2.000000 2.000000 32.000000 4.000000 64.000000 4.000000 1.318457 0.394808 8.536440
2.000000 16.000000 16.000000 512.000000 8192.000000 2048.000000 40.000000 1024.000000 176.000000 192.000000 64.000000 16.000000 36.000000 40.000000 5.000000 1.000000 1.000000 1.000000 16.000000 2.000000 32.000000 2.000000 0.667340 0.087339 2.716000
4.000000 64.000000 32.000000 2048.000000 8192.000000 4096.000000 38.000000 2048.000000 192.000000 48.000000 176.000000 48.000000 20.000000 48.000000 5.000000 1.000000 1.000000 2.000000 16.000000 4.000000 16.000000 2.000000 0.834359 0.195714 6.073740
3.000000 64.000000 12.000000 1024.000000 4096.000000 2048.000000 34.000000 1024.000000 128.000000 64.000000 272.000000 72.000000 24.000000 32.000000 6.000000 1.000000 2.000000 2.000000 32.000000 2.000000 32.000000 4.000000 1.060160 0.183589 4.578460
6.000000 32.000000 40.000000 1024.000000 8192.000000 8192.000000 16.000000 4096.000000 144.000000 176.000000 80.000000 56.000000 28.000000 40.000000 6.000000 2.000000 1.000000 1.000000 16.000000 2.000000 32.000000 4.000000 1.147491 0.238422 5.619820
8.000000 16.000000 20.000000 1024.000000 2048.000000 8192.000000 32.000000 1024.000000 256.000000 272.000000 304.000000 56.000000 20.000000 48.000000 5.000000 2.000000 1.000000 1.000000 64.000000 4.000000 64.000000 2.000000 1.120205 0.297179 8.600930
7.000000 64.000000 16.000000 2048.000000 2048.000000 2048.000000 36.000000 2048.000000 192.000000 64.000000 240.000000 16.000000 24.000000 48.000000 4.000000 1.000000 1.000000 1.000000 16.000000 2.000000 64.000000 2.000000 1.059505 0.268990 6.817970
2.000000 32.000000 36.000000 512.000000 8192.000000 8192.000000 28.000000 1024.000000 32.000000 240.000000 128.000000 80.000000 36.000000 48.000000 3.000000 1.000000 1.000000 1.000000 32.000000 2.000000 64.000000 4.000000 0.822137 0.120772 2.905970
4.000000 32.000000 32.000000 512.000000 2048.000000 8192.000000 38.000000 4096.000000 224.000000 80.000000 64.000000 80.000000 48.000000 36.000000 3.000000 2.000000 1.000000 1.000000 16.000000 2.000000 16.000000 4.000000 0.988237 0.156457 3.253580
4.000000 64.000000 40.000000 2048.000000 2048.000000 8192.000000 26.000000 1024.000000 64.000000 288.000000 272.000000 48.000000 24.000000 20.000000 5.000000 2.000000 2.000000 2.000000 32.000000 2.000000 16.000000 2.000000 1.144746 0.267135 7.198980
2.000000 32.000000 12.000000 512.000000 4096.000000 2048.000000 30.000000 4096.000000 208.000000 48.000000 176.000000 32.000000 20.000000 24.000000 6.000000 2.000000 2.000000 2.000000 32.000000 2.000000 16.000000 4.000000 0.774793 0.117339 3.614330
8.000000 16.000000 16.000000 2048.000000 4096.000000 8192.000000 34.000000 2048.000000 112.000000 40.000000 112.000000 80.000000 24.000000 32.000000 5.000000 1.000000 2.000000 2.000000 64.000000 2.000000 32.000000 2.000000 0.676881 0.211997 8.223610
7.000000 16.000000 20.000000 512.000000 4096.000000 2048.000000 16.000000 2048.000000 224.000000 96.000000 48.000000 40.000000 48.000000 28.000000 5.000000 2.000000 1.000000 2.000000 16.000000 2.000000 16.000000 4.000000 0.930130 0.193011 5.166220
6.000000 64.000000 36.000000 1024.000000 8192.000000 4096.000000 34.000000 2048.000000 48.000000 160.000000 80.000000 64.000000 32.000000 32.000000 4.000000 1.000000 2.000000 1.000000 16.000000 4.000000 64.000000 4.000000 1.201789 0.235634 5.173930
6.000000 64.000000 28.000000 2048.000000 2048.000000 8192.000000 40.000000 1024.000000 64.000000 144.000000 192.000000 24.000000 36.000000 20.000000 6.000000 1.000000 1.000000 1.000000 16.000000 2.000000 32.000000 2.000000 1.161537 0.271475 6.787790
5.000000 32.000000 44.000000 512.000000 2048.000000 2048.000000 32.000000 4096.000000 128.000000 64.000000 112.000000 16.000000 48.000000 24.000000 5.000000 2.000000 2.000000 1.000000 16.000000 4.000000 64.000000 4.000000 1.018249 0.173340 4.152900
7.000000 64.000000 48.000000 2048.000000 4096.000000 4096.000000 24.000000 2048.000000 256.000000 48.000000 272.000000 48.000000 40.000000 40.000000 3.000000 2.000000 2.000000 1.000000 16.000000 4.000000 32.000000 2.000000 0.872138 0.246618 7.719290
8.000000 16.000000 28.000000 1024.000000 4096.000000 8192.000000 26.000000 2048.000000 32.000000 80.000000 224.000000 56.000000 28.000000 28.000000 5.000000 1.000000 1.000000 2.000000 32.000000 4.000000 32.000000 2.000000 1.013272 0.216519 6.059660
3.000000 16.000000 36.000000 2048.000000 4096.000000 8192.000000 38.000000 4096.000000 32.000000 96.000000 80.000000 32.000000 36.000000 20.000000 4.000000 1.000000 1.000000 1.000000 32.000000 4.000000 64.000000 4.000000 0.843569 0.210523 5.583590
